kinematics:
  shoulder:
    x: 0
    y: 0
    z: 0.08910282867356036
    roll: -0
    pitch: 0
    yaw: -5.952981185747887e-05
  upper_arm:
    x: 0.0001989535167609041
    y: 0
    z: 0
    roll: 1.569154500277659
    pitch: 0
    yaw: -7.054653734005479e-05
  forearm:
    x: -0.4254529049100892
    y: 0
    z: 0
    roll: 0.003549425540612384
    pitch: 0.00355274327746164
    yaw: -0.0001257784315187625
  wrist_1:
    x: -0.3916522902269254
    y: -0.001834220937357129
    z: 0.1109609909998482
    roll: 0.0165288168419336
    pitch: 0.002342458780263932
    yaw: -0.0001094859920202284
  wrist_2:
    x: -9.904617544470111e-05
    y: -0.09455697277463208
    z: 7.689785024127832e-05
    roll: 1.569983083402767
    pitch: 0
    yaw: 0.0001132753973965405
  wrist_3:
    x: 0.0002045770286976724
    y: 0.0822669713378788
    z: 4.261674067790108e-06
    roll: 1.570848129772382
    pitch: 3.141592653589793
    yaw: 3.141528407030024
  hash: calib_10555154199392505827