# oST version 5.0 parameters


[image]

width
640

height
480

[narrow_stereo/left]

camera matrix
648.505435 0.000000 350.760707
0.000000 649.453017 239.087074
0.000000 0.000000 1.000000

distortion
0.070752 -0.216818 0.001164 0.001406 0.000000

rectification
0.999835 0.018189 -0.000253
-0.018187 0.999821 0.005195
0.000348 -0.005190 0.999986

projection
701.466335 0.000000 335.955830 0.000000
0.000000 701.466335 238.495033 0.000000
0.000000 0.000000 1.000000 0.000000
# oST version 5.0 parameters


[image]

width
640

height
480

[narrow_stereo/right]

camera matrix
650.051515 0.000000 353.937726
0.000000 649.924812 238.900970
0.000000 0.000000 1.000000

distortion
0.034614 -0.058927 -0.001291 0.005024 0.000000

rectification
0.998637 0.021015 0.047767
-0.020767 0.999768 -0.005691
-0.047875 0.004691 0.998842

projection
701.466335 0.000000 335.955830 -71.352837
0.000000 701.466335 238.495033 0.000000
0.000000 0.000000 1.000000 0.000000
